
   0  -10240.00000000   024.00000000   2048.00000000      2048.00000000 024.00000000 2048.00000000       0.00000000   1.00000000   0.00000000 0 0
   1  -10229.10912123   037.40403200   1533.43671596      2048.00000000 037.40403200 2048.00000000       0.00000000   1.00000000   0.00000000 0 0
   2  -10196.45646710   050.80773120   1019.80441717      2048.00000000 050.80773120 2048.00000000       0.00000000   1.00000000   0.00000000 0 0
   3  -10142.10275581   064.21071360    508.03206029      2048.00000000 064.21071360 2048.00000000       0.00000000   1.00000000   0.00000000 0 0
   4  -10066.14770770   077.61256960     -0.95452595      2048.00000000 077.61256960 2048.00000000       0.00000000   1.00000000   0.00000000 0 0
   5   -9968.73181905   091.01294080   -506.23518983      2048.00000000 091.01294080 2048.00000000       0.00000000   1.00000000   0.00000000 0 0
   6   -9850.03460465   104.41152000  -1006.89597616      2048.00000000 104.41152000 2048.00000000       0.00000000   1.00000000   0.00000000 0 0
   7   -9710.27488487   117.80787200  -1502.03243200      2048.00000000 117.80787200 2048.00000000       0.00000000   1.00000000   0.00000000 0 0
   8   -9549.71075690   131.20166400  -1990.75011010      2048.00000000 131.20166400 2048.00000000       0.00000000   1.00000000   0.00000000 0 0
   9   -9368.63782695   144.59248640  -2472.16655486      2048.00000000 144.59248640 2048.00000000       0.00000000   1.00000000   0.00000000 0 0
  10   -9167.39021510   157.98000640  -2945.41344470      2048.00000000 157.98000640 2048.00000000       0.00000000   1.00000000   0.00000000 0 0
  11   -8946.33885463   171.36389120  -3409.63709261      2048.00000000 171.36389120 2048.00000000       0.00000000   1.00000000   0.00000000 0 0
  12   -8705.89089017   184.74370560  -3864.00149600      2048.00000000 184.74370560 2048.00000000       0.00000000   1.00000000   0.00000000 0 0
  13   -8446.48937326   198.11911680  -4307.68856543      2048.00000000 198.11911680 2048.00000000       0.00000000   1.00000000   0.00000000 0 0
  14   -8168.61204498   211.48974080  -4739.90070614      2048.00000000 211.48974080 2048.00000000       0.00000000   1.00000000   0.00000000 0 0
  15   -7872.77047886   224.85524480  -5159.86167433      2048.00000000 224.85524480 2048.00000000       0.00000000   1.00000000   0.00000000 0 0
  16   -7559.50915188   238.21524480  -5566.81786653      2048.00000000 238.21524480 2048.00000000       0.00000000   1.00000000   0.00000000 0 0
  17   -7229.40458612   251.56938240  -5960.04083343      2048.00000000 251.56938240 2048.00000000       0.00000000   1.00000000   0.00000000 0 0
  18   -6883.06383307   264.91724800  -6338.82708040      2048.00000000 264.91724800 2048.00000000       0.00000000   1.00000000   0.00000000 0 0
  19   -6521.12336154   278.25853440  -6702.50055886      2048.00000000 278.25853440 2048.00000000       0.00000000   1.00000000   0.00000000 0 0
  20   -6144.24845491   291.59283200  -7050.41367801      2048.00000000 291.59283200 2048.00000000       0.00000000   1.00000000   0.00000000 0 0
  21   -5753.13141475   304.91980800  -7381.94794101      2048.00000000 304.91980800 2048.00000000       0.00000000   1.00000000   0.00000000 0 0
  22   -5348.48996634   318.23910400  -7696.51564641      2048.00000000 318.23910400 2048.00000000       0.00000000   1.00000000   0.00000000 0 0
  23   -4931.06684440   331.55028480  -7993.56105142      2048.00000000 331.55028480 2048.00000000       0.00000000   1.00000000   0.00000000 0 0
  24   -4501.62724809   344.85304320  -8272.56095582      2048.00000000 344.85304320 2048.00000000       0.00000000   1.00000000   0.00000000 0 0
  25   -4060.95814656   358.14702080  -8533.02584491      2048.00000000 358.14702080 2048.00000000       0.00000000   1.00000000   0.00000000 0 0
  26   -3609.86666082   371.43185920  -8774.50075271      2048.00000000 371.43185920 2048.00000000       0.00000000   1.00000000   0.00000000 0 0
  27   -3149.17856690   384.70712320  -8996.56666038      2048.00000000 384.70712320 2048.00000000       0.00000000   1.00000000   0.00000000 0 0
  28   -2679.73628420   397.97253120  -9198.83994274      2048.00000000 397.97253120 2048.00000000       0.00000000   1.00000000   0.00000000 0 0
  29   -2202.39759903   411.22767360  -9380.97451879      2048.00000000 411.22767360 2048.00000000       0.00000000   1.00000000   0.00000000 0 0
  30   -1718.03420987   424.47221760  -9542.66157554      2048.00000000 424.47221760 2048.00000000       0.00000000   1.00000000   0.00000000 0 0
  31   -1227.52999341   437.70577920  -9683.63009633      2048.00000000 437.70577920 2048.00000000       0.00000000   1.00000000   0.00000000 0 0
  32    -731.77895949   450.92794880  -9803.64804335      2048.00000000 450.92794880 2048.00000000       0.00000000   1.00000000   0.00000000 0 0
  33    -231.68405279   464.13847040  -9902.52183585      2048.00000000 464.13847040 2048.00000000       0.00000000   1.00000000   0.00000000 0 0
  34     271.84504537   477.33690880  -9980.09765386      2048.00000000 477.33690880 2048.00000000       0.00000000   1.00000000   0.00000000 0 0
  35     777.89306484   490.52293120 -10036.26058956      2048.00000000 490.52293120 2048.00000000       0.00000000   1.00000000   0.00000000 0 0
  36    1285.54117867   503.69612800 -10070.93573414      2048.00000000 503.69612800 2048.00000000       0.00000000   1.00000000   0.00000000 0 0
  37    1793.86897999   516.85619200 -10084.08807746      2048.00000000 516.85619200 2048.00000000       0.00000000   1.00000000   0.00000000 0 0
  38    2301.95565161   530.00276480 -10075.72186666      2048.00000000 530.00276480 2048.00000000       0.00000000   1.00000000   0.00000000 0 0
  39    2808.88229251   543.13546240 -10045.88137867      2048.00000000 543.13546240 2048.00000000       0.00000000   1.00000000   0.00000000 0 0
  40    3313.73356020   556.25392640  -9994.65070514      2048.00000000 556.25392640 2048.00000000       0.00000000   1.00000000   0.00000000 0 0
  41    3815.59830563   569.35774720  -9922.15296041      2048.00000000 569.35774720 2048.00000000       0.00000000   1.00000000   0.00000000 0 0
  42    4313.57297607   582.44666880  -9828.55037263      2048.00000000 582.44666880 2048.00000000       0.00000000   1.00000000   0.00000000 0 0
  43    4806.76238156   595.52028160  -9714.04392139      2048.00000000 595.52028160 2048.00000000       0.00000000   1.00000000   0.00000000 0 0
  44    5294.28117756   608.57820160  -9578.87304241      2048.00000000 608.57820160 2048.00000000       0.00000000   1.00000000   0.00000000 0 0
  45    5775.25610704   621.62009600  -9423.31484597      2048.00000000 621.62009600 2048.00000000       0.00000000   1.00000000   0.00000000 0 0
  46    6248.82707339   634.64563200  -9247.68383912      2048.00000000 634.64563200 2048.00000000       0.00000000   1.00000000   0.00000000 0 0
  47    6714.14918989   647.65440000  -9052.33073140      2048.00000000 647.65440000 2048.00000000       0.00000000   1.00000000   0.00000000 0 0
  48    7170.39436173   660.64609280  -8837.64239026      2048.00000000 660.64609280 2048.00000000       0.00000000   1.00000000   0.00000000 0 0
  49    7616.75221829   673.62032640  -8604.04054586      2048.00000000 673.62032640 2048.00000000       0.00000000   1.00000000   0.00000000 0 0
  50    8052.43203863   686.57671680  -8351.98152405      2048.00000000 686.57671680 2048.00000000       0.00000000   1.00000000   0.00000000 0 0
  51    8476.66459255   699.51498240  -8081.95450229      2048.00000000 699.51498240 2048.00000000       0.00000000   1.00000000   0.00000000 0 0
  52    8888.70267679   712.43471360  -7794.48139977      2048.00000000 712.43471360 2048.00000000       0.00000000   1.00000000   0.00000000 0 0
  53    9287.82315038   725.33557760  -7490.11501670      2048.00000000 725.33557760 2048.00000000       0.00000000   1.00000000   0.00000000 0 0
  54    9673.32830801   738.21719040  -7169.43863585      2048.00000000 738.21719040 2048.00000000       0.00000000   1.00000000   0.00000000 0 0
  55   10044.54642668   751.07924480  -6833.06455583      2048.00000000 751.07924480 2048.00000000       0.00000000   1.00000000   0.00000000 0 0
  56   10400.83359536   763.92138240  -6481.63296572      2048.00000000 763.92138240 2048.00000000       0.00000000   1.00000000   0.00000000 0 0
  57   10741.57503697   776.74321920  -6115.81049039      2048.00000000 776.74321920 2048.00000000       0.00000000   1.00000000   0.00000000 0 0
  58   11066.18539383   789.54439680  -5736.28905046      2048.00000000 789.54439680 2048.00000000       0.00000000   1.00000000   0.00000000 0 0
  59   11374.11095843   802.32460800  -5343.78452731      2048.00000000 802.32460800 2048.00000000       0.00000000   1.00000000   0.00000000 0 0
  60   11664.82939936   815.08346880  -4939.03555374      2048.00000000 815.08346880 2048.00000000       0.00000000   1.00000000   0.00000000 0 0
  61   11937.85135321   827.82067200  -4522.80162265      2048.00000000 827.82067200 2048.00000000       0.00000000   1.00000000   0.00000000 0 0
  62   12192.72156479   840.53580800  -4095.86184539      2048.00000000 840.53580800 2048.00000000       0.00000000   1.00000000   0.00000000 0 0
  63   12429.01903437   853.22856960  -3659.01364393      2048.00000000 853.22856960 2048.00000000       0.00000000   1.00000000   0.00000000 0 0
  64   12646.35810636   865.89859840  -3213.07060485      2048.00000000 865.89859840 2048.00000000       0.00000000   1.00000000   0.00000000 0 0
  65   12844.38891864   878.54553600  -2758.86204819      2048.00000000 878.54553600 2048.00000000       0.00000000   1.00000000   0.00000000 0 0
  66   13022.79816095   891.16904960  -2297.22997865      2048.00000000 891.16904960 2048.00000000       0.00000000   1.00000000   0.00000000 0 0
  67   13181.30958391   903.76878080  -1829.02867347      2048.00000000 903.76878080 2048.00000000       0.00000000   1.00000000   0.00000000 0 0
  68   13319.68452263   916.34442240  -1355.12226027      2048.00000000 916.34442240 2048.00000000       0.00000000   1.00000000   0.00000000 0 0
  69   13437.72192424   928.89556480   -876.38346602      2048.00000000 928.89556480 2048.00000000       0.00000000   1.00000000   0.00000000 0 0
  70   13535.25848386   941.42192640   -393.69218353      2048.00000000 941.42192640 2048.00000000       0.00000000   1.00000000   0.00000000 0 0
  71   13612.17010979   953.92312320     92.06697865      2048.00000000 953.92312320 2048.00000000       0.00000000   1.00000000   0.00000000 0 0
  72   13668.37054277   966.39882240    580.00573470      2048.00000000 966.39882240 2048.00000000       0.00000000   1.00000000   0.00000000 0 0
  73   13703.81200667   978.84869120   1069.23403222      2048.00000000 978.84869120 2048.00000000       0.00000000   1.00000000   0.00000000 0 0
  74   13718.48580385   991.27239680   1558.86176377      2048.00000000 991.27239680 2048.00000000       0.00000000   1.00000000   0.00000000 0 0
  75   13712.42110976   1003.66958080   2048.00000000      2048.00000000 1003.66958080 2048.00000000       0.00000000   1.00000000   0.00000000 0 0
  76   13685.68565194   1016.03985920   2535.76338620      2048.00000000 1016.03985920 2048.00000000       0.00000000   1.00000000   0.00000000 0 0
  77   13638.38536139   1028.38300160   3021.27170576      2048.00000000 1028.38300160 2048.00000000       0.00000000   1.00000000   0.00000000 0 0
  78   13570.66403426   1040.69857280   3503.65082988      2048.00000000 1040.69857280 2048.00000000       0.00000000   1.00000000   0.00000000 0 0
  79   13482.70238563   1052.98629120   3982.03507834      2048.00000000 1052.98629120 2048.00000000       0.00000000   1.00000000   0.00000000 0 0
  80   13374.71868443   1065.24579840   4455.56825510      2048.00000000 1065.24579840 2048.00000000       0.00000000   1.00000000   0.00000000 0 0
  81   13246.96731067   1077.47673600   4923.40600707      2048.00000000 1077.47673600 2048.00000000       0.00000000   1.00000000   0.00000000 0 0
  82   13099.73871520   1089.67879680   5384.71643892      2048.00000000 1089.67879680 2048.00000000       0.00000000   1.00000000   0.00000000 0 0
  83   12933.35850675   1101.85164800   5838.68270043      2048.00000000 1101.85164800 2048.00000000       0.00000000   1.00000000   0.00000000 0 0
  84   12748.18682517   1113.99498240   6284.50365938      2048.00000000 1113.99498240 2048.00000000       0.00000000   1.00000000   0.00000000 0 0
  85   12544.61768319   1126.10836480   6721.39518013      2048.00000000 1126.10836480 2048.00000000       0.00000000   1.00000000   0.00000000 0 0
  86   12323.07798901   1138.19159040   7148.59290547      2048.00000000 1138.19159040 2048.00000000       0.00000000   1.00000000   0.00000000 0 0
  87   12084.02655981   1150.24424960   7565.35212956      2048.00000000 1150.24424960 2048.00000000       0.00000000   1.00000000   0.00000000 0 0
  88   11827.95323975   1162.26603520   7970.95010891      2048.00000000 1162.26603520 2048.00000000       0.00000000   1.00000000   0.00000000 0 0
  89   11555.37811546   1174.25661440   8364.68681744      2048.00000000 1174.25661440 2048.00000000       0.00000000   1.00000000   0.00000000 0 0
  90   11266.85006135   1186.21565440   8745.88652502      2048.00000000 1186.21565440 2048.00000000       0.00000000   1.00000000   0.00000000 0 0
  91   10962.94597914   1198.14282240   9113.89897357      2048.00000000 1198.14282240 2048.00000000       0.00000000   1.00000000   0.00000000 0 0
  92   10644.26909404   1210.03783680   9468.10023583      2048.00000000 1210.03783680 2048.00000000       0.00000000   1.00000000   0.00000000 0 0
  93   10311.44839784   1221.90031360   9807.89435115      2048.00000000 1221.90031360 2048.00000000       0.00000000   1.00000000   0.00000000 0 0
  94    9965.13692372   1233.72992000  10132.71393777      2048.00000000 1233.72992000 2048.00000000       0.00000000   1.00000000   0.00000000 0 0
  95    9606.01069323   1245.52640000  10442.02115557      2048.00000000 1245.52640000 2048.00000000       0.00000000   1.00000000   0.00000000 0 0
  96    9234.76696313   1257.28939520  10735.30878175      2048.00000000 1257.28939520 2048.00000000       0.00000000   1.00000000   0.00000000 0 0
  97    8852.12344559   1269.01854720  11012.10142930      2048.00000000 1269.01854720 2048.00000000       0.00000000   1.00000000   0.00000000 0 0
  98    8458.81597394   1280.71360000  11271.95537325      2048.00000000 1280.71360000 2048.00000000       0.00000000   1.00000000   0.00000000 0 0
  99    8055.59851987   1292.37416960  11514.46053752      2048.00000000 1292.37416960 2048.00000000       0.00000000   1.00000000   0.00000000 0 0
 100    7643.24003840   1303.99997440  11739.23998470      2048.00000000 1303.99997440 2048.00000000       0.00000000   1.00000000   0.00000000 0 0
 101    7222.52394197   1315.59070720  11945.95118997      2048.00000000 1315.59070720 2048.00000000       0.00000000   1.00000000   0.00000000 0 0
 102    6794.24642872   1327.14600960  12134.28673872      2048.00000000 1327.14600960 2048.00000000       0.00000000   1.00000000   0.00000000 0 0
 103    6359.21455023   1338.66557440  12303.97429037      2048.00000000 1338.66557440 2048.00000000       0.00000000   1.00000000   0.00000000 0 0
 104    5918.24567177   1350.14912000  12454.77680934      2048.00000000 1350.14912000 2048.00000000       0.00000000   1.00000000   0.00000000 0 0
 105    5472.16417420   1361.59631360  12586.49378697      2048.00000000 1361.59631360 2048.00000000       0.00000000   1.00000000   0.00000000 0 0
 106    5021.80167036   1373.00682240  12698.96068321      2048.00000000 1373.00682240 2048.00000000       0.00000000   1.00000000   0.00000000 0 0
 107    4567.99404150   1384.38033920  12792.04939615      2048.00000000 1384.38033920 2048.00000000       0.00000000   1.00000000   0.00000000 0 0
 108    4111.58058368   1395.71655680  12865.66851080      2048.00000000 1395.71655680 2048.00000000       0.00000000   1.00000000   0.00000000 0 0
 109    3653.40229238   1407.01519360  12919.76290345      2048.00000000 1407.01519360 2048.00000000       0.00000000   1.00000000   0.00000000 0 0
 110    3194.29977771   1418.27591680  12954.31414102      2048.00000000 1418.27591680 2048.00000000       0.00000000   1.00000000   0.00000000 0 0
 111    2735.11250433   1429.49839360  12969.34033876      2048.00000000 1429.49839360 2048.00000000       0.00000000   1.00000000   0.00000000 0 0
 112    2276.67637227   1440.68234240  12964.89589732      2048.00000000 1440.68234240 2048.00000000       0.00000000   1.00000000   0.00000000 0 0
 113    1819.82279703   1451.82745600  12941.07100534      2048.00000000 1451.82745600 2048.00000000       0.00000000   1.00000000   0.00000000 0 0
 114    1365.37648496   1462.93342720  12897.99162636      2048.00000000 1462.93342720 2048.00000000       0.00000000   1.00000000   0.00000000 0 0
 115     914.15464182   1473.99994880  12835.81928351      2048.00000000 1473.99994880 2048.00000000       0.00000000   1.00000000   0.00000000 0 0
 116     466.96476667   1485.02668800  12754.75023758      2048.00000000 1485.02668800 2048.00000000       0.00000000   1.00000000   0.00000000 0 0
 117      24.60380157   1496.01341440  12655.01514730      2048.00000000 1496.01341440 2048.00000000       0.00000000   1.00000000   0.00000000 0 0
 118    -412.14412272   1506.95976960  12536.87842527      2048.00000000 1506.95976960 2048.00000000       0.00000000   1.00000000   0.00000000 0 0
 119    -842.50829539   1517.86547200  12400.63772309      2048.00000000 1517.86547200 2048.00000000       0.00000000   1.00000000   0.00000000 0 0
 120   -1265.73344373   1528.73024000  12246.62327328      2048.00000000 1528.73024000 2048.00000000       0.00000000   1.00000000   0.00000000 0 0
 121   -1681.08087794   1539.55371520  12075.19680678      2048.00000000 1539.55371520 2048.00000000       0.00000000   1.00000000   0.00000000 0 0
 122   -2087.82995040   1550.33566720  11886.75106217      2048.00000000 1550.33566720 2048.00000000       0.00000000   1.00000000   0.00000000 0 0
 123   -2485.27908457   1561.07576320  11681.70866925      2048.00000000 1561.07576320 2048.00000000       0.00000000   1.00000000   0.00000000 0 0
 124   -2872.74729536   1571.77372160  11460.52155653      2048.00000000 1571.77372160 2048.00000000       0.00000000   1.00000000   0.00000000 0 0
 125   -3249.57513372   1582.42923520  11223.66943194      2048.00000000 1582.42923520 2048.00000000       0.00000000   1.00000000   0.00000000 0 0
 126   -3615.12631788   1593.04202240  10971.65936744      2048.00000000 1593.04202240 2048.00000000       0.00000000   1.00000000   0.00000000 0 0
 127   -3968.78851181   1603.61182720  10705.02440955      2048.00000000 1603.61182720 2048.00000000       0.00000000   1.00000000   0.00000000 0 0
 128   -4309.97436320   1614.13829120  10424.32186938      2048.00000000 1614.13829120 2048.00000000       0.00000000   1.00000000   0.00000000 0 0
 129   -4638.12232545   1624.62118400  10130.13361539      2048.00000000 1624.62118400 2048.00000000       0.00000000   1.00000000   0.00000000 0 0
 130   -4952.69835416   1635.06017280   9823.06322126      2048.00000000 1635.06017280 2048.00000000       0.00000000   1.00000000   0.00000000 0 0
 131   -5253.19599079   1645.45500160   9503.73598483      2048.00000000 1645.45500160 2048.00000000       0.00000000   1.00000000   0.00000000 0 0
 132   -5539.13770434   1655.80538880   9172.79675726      2048.00000000 1655.80538880 2048.00000000       0.00000000   1.00000000   0.00000000 0 0
 133   -5810.07555389   1666.11105280   8830.90887539      2048.00000000 1666.11105280 2048.00000000       0.00000000   1.00000000   0.00000000 0 0
 134   -6065.59160737   1676.37166080   8478.75352326      2048.00000000 1676.37166080 2048.00000000       0.00000000   1.00000000   0.00000000 0 0
 135   -6305.29906972   1686.58698240   8117.02703245      2048.00000000 1686.58698240 2048.00000000       0.00000000   1.00000000   0.00000000 0 0
 136   -6528.84265492   1696.75673600   7746.44071679      2048.00000000 1696.75673600 2048.00000000       0.00000000   1.00000000   0.00000000 0 0
 137   -6735.89903655   1706.88061440   7367.71841709      2048.00000000 1706.88061440 2048.00000000       0.00000000   1.00000000   0.00000000 0 0
 138   -6926.17756769   1716.95836160   6981.59588198      2048.00000000 1716.95836160 2048.00000000       0.00000000   1.00000000   0.00000000 0 0
 139   -7099.42031865   1726.98967040   6588.81894082      2048.00000000 1726.98967040 2048.00000000       0.00000000   1.00000000   0.00000000 0 0
 140   -7255.40285646   1736.97433600   6190.14182600      2048.00000000 1736.97433600 2048.00000000       0.00000000   1.00000000   0.00000000 0 0
 141   -7393.93397849   1746.91202560   5786.32621726      2048.00000000 1746.91202560 2048.00000000       0.00000000   1.00000000   0.00000000 0 0
 142   -7514.85633345   1756.80245760   5378.13887724      2048.00000000 1756.80245760 2048.00000000       0.00000000   1.00000000   0.00000000 0 0
 143   -7618.04661438   1766.64540160   4966.35148491      2048.00000000 1766.64540160 2048.00000000       0.00000000   1.00000000   0.00000000 0 0
 144   -7703.41517075   1776.44057600   4551.73792498      2048.00000000 1776.44057600 2048.00000000       0.00000000   1.00000000   0.00000000 0 0
 145   -7770.90643625   1786.18769920   4135.07300614      2048.00000000 1786.18769920 2048.00000000       0.00000000   1.00000000   0.00000000 0 0
 146   -7820.49875174   1795.88651520   3717.13167105      2048.00000000 1795.88651520 2048.00000000       0.00000000   1.00000000   0.00000000 0 0
 147   -7852.20402188   1805.53674240   3298.68658666      2048.00000000 1805.53674240 2048.00000000       0.00000000   1.00000000   0.00000000 0 0
 148   -7866.06761718   1815.13812480   2880.50749247      2048.00000000 1815.13812480 2048.00000000       0.00000000   1.00000000   0.00000000 0 0
 149   -7862.16862450   1824.69040640   2463.35909745      2048.00000000 1824.69040640 2048.00000000       0.00000000   1.00000000   0.00000000 0 0
 150   -7840.61865984   1834.19333120   2048.00000000      2048.00000000 1834.19333120 2048.00000000       0.00000000   1.00000000   0.00000000 0 0
 151   -7801.56197502   1843.64664320   1635.18117629      2048.00000000 1843.64664320 2048.00000000       0.00000000   1.00000000   0.00000000 0 0
 152   -7745.17498472   1853.05003520   1225.64414521      2048.00000000 1853.05003520 2048.00000000       0.00000000   1.00000000   0.00000000 0 0
 153   -7671.66594152   1862.40330240    820.12067620      2048.00000000 1862.40330240 2048.00000000       0.00000000   1.00000000   0.00000000 0 0
 154   -7581.27356159   1871.70616320    419.33033996      2048.00000000 1871.70616320 2048.00000000       0.00000000   1.00000000   0.00000000 0 0
 155   -7474.26750951   1880.95836160     23.97966267      2048.00000000 1880.95836160 2048.00000000       0.00000000   1.00000000   0.00000000 0 0
 156   -7350.94680196   1890.15966720   -365.23920841      2048.00000000 1890.15966720 2048.00000000       0.00000000   1.00000000   0.00000000 0 0
 157   -7211.63953379   1899.30979840   -747.64995507      2048.00000000 1899.30979840 2048.00000000       0.00000000   1.00000000   0.00000000 0 0
 158   -7056.70223499   1908.40852480  -1122.59270788      2048.00000000 1908.40852480 2048.00000000       0.00000000   1.00000000   0.00000000 0 0
 159   -6886.51831331   1917.45559040  -1489.42594587      2048.00000000 1917.45559040 2048.00000000       0.00000000   1.00000000   0.00000000 0 0
 160   -6701.49797295   1926.45073920  -1847.52734432      2048.00000000 1926.45073920 2048.00000000       0.00000000   1.00000000   0.00000000 0 0
 161   -6502.07656875   1935.39371520  -2196.29478146      2048.00000000 1935.39371520 2048.00000000       0.00000000   1.00000000   0.00000000 0 0
 162   -6288.71446922   1944.28431360  -2535.14752466      2048.00000000 1944.28431360 2048.00000000       0.00000000   1.00000000   0.00000000 0 0
 163   -6061.89498945   1953.12225280  -2863.52689931      2048.00000000 1953.12225280 2048.00000000       0.00000000   1.00000000   0.00000000 0 0
 164   -5822.12416629   1961.90732800  -3180.89791161      2048.00000000 1961.90732800 2048.00000000       0.00000000   1.00000000   0.00000000 0 0
 165   -5569.92916260   1970.63923200  -3486.74942614      2048.00000000 1970.63923200 2048.00000000       0.00000000   1.00000000   0.00000000 0 0
 166   -5305.85757714   1979.31781120  -3780.59557733      2048.00000000 1979.31781120 2048.00000000       0.00000000   1.00000000   0.00000000 0 0
 167   -5030.47552806   1987.94275840  -4061.97618363      2048.00000000 1987.94275840 2048.00000000       0.00000000   1.00000000   0.00000000 0 0
 168   -4744.36731232   1996.51389440  -4330.45739093      2048.00000000 1996.51389440 2048.00000000       0.00000000   1.00000000   0.00000000 0 0
 169   -4448.13343129   2005.03091200  -4585.63296600      2048.00000000 2005.03091200 2048.00000000       0.00000000   1.00000000   0.00000000 0 0
 170   -4142.38994231   2013.49363200  -4827.12445351      2048.00000000 2013.49363200 2048.00000000       0.00000000   1.00000000   0.00000000 0 0
 171   -3827.76655610   2021.90182400  -5054.58154524      2048.00000000 2021.90182400 2048.00000000       0.00000000   1.00000000   0.00000000 0 0
 172   -3504.90578059   2030.25523200  -5267.68318328      2048.00000000 2030.25523200 2048.00000000       0.00000000   1.00000000   0.00000000 0 0
 173   -3174.46167908   2038.55365120  -5466.13748549      2048.00000000 2038.55365120 2048.00000000       0.00000000   1.00000000   0.00000000 0 0
 174   -2837.09782376   2046.79680000  -5649.68231924      2048.00000000 2046.79680000 2048.00000000       0.00000000   1.00000000   0.00000000 0 0
 175   -2493.48677632   2054.98452480  -5818.08571328      2048.00000000 2054.98452480 2048.00000000       0.00000000   1.00000000   0.00000000 0 0
 176   -2144.30837514   2063.11656960  -5971.14613514      2048.00000000 2063.11656960 2048.00000000       0.00000000   1.00000000   0.00000000 0 0
 177   -1790.24805866   2071.19270400  -6108.69232781      2048.00000000 2071.19270400 2048.00000000       0.00000000   1.00000000   0.00000000 0 0
 178   -1431.99622980   2079.21272320  -6230.58380199      2048.00000000 2079.21272320 2048.00000000       0.00000000   1.00000000   0.00000000 0 0
 179   -1070.24604605   2087.17637120  -6336.71078841      2048.00000000 2087.17637120 2048.00000000       0.00000000   1.00000000   0.00000000 0 0
 180    -705.69275063   2095.08349440  -6426.99463470      2048.00000000 2095.08349440 2048.00000000       0.00000000   1.00000000   0.00000000 0 0
 181    -339.03177975   2102.93381120  -6501.38678114      2048.00000000 2102.93381120 2048.00000000       0.00000000   1.00000000   0.00000000 0 0
 182      29.04234508   2110.72714240  -6559.86986634      2048.00000000 2110.72714240 2048.00000000       0.00000000   1.00000000   0.00000000 0 0
 183     397.83718808   2118.46325760  -6602.45660414      2048.00000000 2118.46325760 2048.00000000       0.00000000   1.00000000   0.00000000 0 0
 184     766.66405154   2126.14195200  -6629.18994633      2048.00000000 2126.14195200 2048.00000000       0.00000000   1.00000000   0.00000000 0 0
 185    1134.83930321   2133.76302080  -6640.14306809      2048.00000000 2133.76302080 2048.00000000       0.00000000   1.00000000   0.00000000 0 0
 186    1501.68553303   2141.32625920  -6635.41827278      2048.00000000 2141.32625920 2048.00000000       0.00000000   1.00000000   0.00000000 0 0
 187    1866.53292842   2148.83143680  -6615.14744090      2048.00000000 2148.83143680 2048.00000000       0.00000000   1.00000000   0.00000000 0 0
 188    2228.72008721   2156.27834880  -6579.49089929      2048.00000000 2156.27834880 2048.00000000       0.00000000   1.00000000   0.00000000 0 0
 189    2587.59620396   2163.66681600  -6528.63729065      2048.00000000 2163.66681600 2048.00000000       0.00000000   1.00000000   0.00000000 0 0
 190    2942.52133265   2170.99663360  -6462.80300530      2048.00000000 2170.99663360 2048.00000000       0.00000000   1.00000000   0.00000000 0 0
 191    3292.86816571   2178.26759680  -6382.23118527      2048.00000000 2178.26759680 2048.00000000       0.00000000   1.00000000   0.00000000 0 0
 192    3638.02279091   2185.47947520  -6287.19156594      2048.00000000 2185.47947520 2048.00000000       0.00000000   1.00000000   0.00000000 0 0
 193    3977.38598778   2192.63208960  -6177.97947590      2048.00000000 2192.63208960 2048.00000000       0.00000000   1.00000000   0.00000000 0 0
 194    4310.37444853   2199.72528640  -6054.91501222      2048.00000000 2199.72528640 2048.00000000       0.00000000   1.00000000   0.00000000 0 0
 195    4636.42146460   2206.75880960  -5918.34244672      2048.00000000 2206.75880960 2048.00000000       0.00000000   1.00000000   0.00000000 0 0
 196    4954.97828896   2213.73250560  -5768.62914358      2048.00000000 2213.73250560 2048.00000000       0.00000000   1.00000000   0.00000000 0 0
 197    5265.51467190   2220.64614400  -5606.16505476      2048.00000000 2220.64614400 2048.00000000       0.00000000   1.00000000   0.00000000 0 0
 198    5567.52015392   2227.49957120  -5431.36122747      2048.00000000 2227.49957120 2048.00000000       0.00000000   1.00000000   0.00000000 0 0
 199    5860.50476708   2234.29258240  -5244.64925124      2048.00000000 2234.29258240 2048.00000000       0.00000000   1.00000000   0.00000000 0 0
 200    6143.99987712   2241.02502400  -5046.48000585      2048.00000000 2241.02502400 2048.00000000       0.00000000   1.00000000   0.00000000 0 0
 201    6417.55888325   2247.69666560  -4837.32307840      2048.00000000 2247.69666560 2048.00000000       0.00000000   1.00000000   0.00000000 0 0
 202    6680.75791794   2254.30732800  -4617.66517963      2048.00000000 2254.30732800 2048.00000000       0.00000000   1.00000000   0.00000000 0 0
 203    6933.19661158   2260.85688320  -4388.00902847      2048.00000000 2260.85688320 2048.00000000       0.00000000   1.00000000   0.00000000 0 0
 204    7174.49897337   2267.34507520  -4148.87281585      2048.00000000 2267.34507520 2048.00000000       0.00000000   1.00000000   0.00000000 0 0
 205    7404.31307498   2273.77177600  -3900.78851605      2048.00000000 2273.77177600 2048.00000000       0.00000000   1.00000000   0.00000000 0 0
 206    7622.31272520   2280.13680640  -3644.30082693      2048.00000000 2280.13680640 2048.00000000       0.00000000   1.00000000   0.00000000 0 0
 207    7828.19703072   2286.43998720  -3379.96631604      2048.00000000 2286.43998720 2048.00000000       0.00000000   1.00000000   0.00000000 0 0
 208    8021.69099382   2292.68113920  -3108.35175342      2048.00000000 2292.68113920 2048.00000000       0.00000000   1.00000000   0.00000000 0 0
 209    8202.54609689   2298.86010880  -2830.03317099      2048.00000000 2298.86010880 2048.00000000       0.00000000   1.00000000   0.00000000 0 0
 210    8370.54058634   2304.97669120  -2545.59468472      2048.00000000 2304.97669120 2048.00000000       0.00000000   1.00000000   0.00000000 0 0
 211    8525.47945114   2311.03073280  -2255.62711916      2048.00000000 2311.03073280 2048.00000000       0.00000000   1.00000000   0.00000000 0 0
 212    8667.19460319   2317.02208000  -1960.72679551      2048.00000000 2317.02208000 2048.00000000       0.00000000   1.00000000   0.00000000 0 0
 213    8795.54523383   2322.95057920  -1661.49439411      2048.00000000 2322.95057920 2048.00000000       0.00000000   1.00000000   0.00000000 0 0
 214    8910.41772567   2328.81602560  -1358.53378800      2048.00000000 2328.81602560 2048.00000000       0.00000000   1.00000000   0.00000000 0 0
 215    9011.72562582   2334.61831680  -1052.45048395      2048.00000000 2334.61831680 2048.00000000       0.00000000   1.00000000   0.00000000 0 0
 216    9099.40989553   2340.35724800   -743.85067647      2048.00000000 2340.35724800 2048.00000000       0.00000000   1.00000000   0.00000000 0 0
 217    9173.43794162   2346.03266560   -433.33999710      2048.00000000 2346.03266560 2048.00000000       0.00000000   1.00000000   0.00000000 0 0
 218    9233.80489426   2351.64441600   -121.52244755      2048.00000000 2351.64441600 2048.00000000       0.00000000   1.00000000   0.00000000 0 0
 219    9280.53199170   2357.19237120    191.00136707      2048.00000000 2357.19237120 2048.00000000       0.00000000   1.00000000   0.00000000 0 0
 220    9313.66714720   2362.67635200    503.63468780      2048.00000000 2362.67635200 2048.00000000       0.00000000   1.00000000   0.00000000 0 0
 221    9333.28421263   2368.09623040    815.78644973      2048.00000000 2368.09623040 2048.00000000       0.00000000   1.00000000   0.00000000 0 0
 222    9339.48292974   2373.45182720   1126.87151852      2048.00000000 2373.45182720 2048.00000000       0.00000000   1.00000000   0.00000000 0 0
 223    9332.38824881   2378.74301440   1436.31284702      2048.00000000 2378.74301440 2048.00000000       0.00000000   1.00000000   0.00000000 0 0
 224    9312.14998808   2383.96963840   1743.54186032      2048.00000000 2383.96963840 2048.00000000       0.00000000   1.00000000   0.00000000 0 0
 225    9278.94265856   2389.13159680   2048.00000000      2048.00000000 2389.13159680 2048.00000000       0.00000000   1.00000000   0.00000000 0 0
 226    9232.96370198   2394.22868480   2349.13917549      2048.00000000 2394.22868480 2048.00000000       0.00000000   1.00000000   0.00000000 0 0
 227    9174.43437316   2399.26080000   2646.42332434      2048.00000000 2399.26080000 2048.00000000       0.00000000   1.00000000   0.00000000 0 0
 228    9103.59853109   2404.22778880   2939.32928171      2048.00000000 2404.22778880 2048.00000000       0.00000000   1.00000000   0.00000000 0 0
 229    9020.72136345   2409.12952320   3227.34743249      2048.00000000 2409.12952320 2048.00000000       0.00000000   1.00000000   0.00000000 0 0
 230    8926.08954718   2413.96587520   3509.98299003      2048.00000000 2413.96587520 2048.00000000       0.00000000   1.00000000   0.00000000 0 0
 231    8820.00976135   2418.73671680   3786.75653063      2048.00000000 2418.73671680 2048.00000000       0.00000000   1.00000000   0.00000000 0 0
 232    8702.80849458   2423.44186880   4057.20511008      2048.00000000 2423.44186880 2048.00000000       0.00000000   1.00000000   0.00000000 0 0
 233    8574.83072400   2428.08125440   4320.88288677      2048.00000000 2428.08125440 2048.00000000       0.00000000   1.00000000   0.00000000 0 0
 234    8436.43929888   2432.65474560   4577.36197979      2048.00000000 2432.65474560 2048.00000000       0.00000000   1.00000000   0.00000000 0 0
 235    8288.01395913   2437.16221440   4826.23321356      2048.00000000 2437.16221440 2048.00000000       0.00000000   1.00000000   0.00000000 0 0
 236    8129.95048996   2441.60350720   5067.10638087      2048.00000000 2441.60350720 2048.00000000       0.00000000   1.00000000   0.00000000 0 0
 237    7962.65947259   2445.97849600   5299.61153367      2048.00000000 2445.97849600 2048.00000000       0.00000000   1.00000000   0.00000000 0 0
 238    7786.56575991   2450.28710400   5523.39889603      2048.00000000 2450.28710400 2048.00000000       0.00000000   1.00000000   0.00000000 0 0
 239    7602.10719379   2454.52920320   5738.13993843      2048.00000000 2454.52920320 2048.00000000       0.00000000   1.00000000   0.00000000 0 0
 240    7409.73348469   2458.70466560   5943.52740633      2048.00000000 2458.70466560 2048.00000000       0.00000000   1.00000000   0.00000000 0 0
 241    7209.90564244   2462.81336320   6139.27596862      2048.00000000 2462.81336320 2048.00000000       0.00000000   1.00000000   0.00000000 0 0
 242    7003.09434538   2466.85521920   6325.12271066      2048.00000000 2466.85521920 2048.00000000       0.00000000   1.00000000   0.00000000 0 0
 243    6789.77932685   2470.83010560   6500.82712239      2048.00000000 2470.83010560 2048.00000000       0.00000000   1.00000000   0.00000000 0 0
 244    6570.44781103   2474.73789440   6666.17159447      2048.00000000 2474.73789440 2048.00000000       0.00000000   1.00000000   0.00000000 0 0
 245    6345.59404582   2478.57850880   6820.96174112      2048.00000000 2478.57850880 2048.00000000       0.00000000   1.00000000   0.00000000 0 0
 246    6115.71801098   2482.35182080   6965.02639564      2048.00000000 2482.35182080 2048.00000000       0.00000000   1.00000000   0.00000000 0 0
 247    5881.32398925   2486.05772800   7098.21775777      2048.00000000 2486.05772800 2048.00000000       0.00000000   1.00000000   0.00000000 0 0
 248    5642.91968867   2489.69615360   7220.41148903      2048.00000000 2489.69615360 2048.00000000       0.00000000   1.00000000   0.00000000 0 0
 249    5401.01547318   2493.26696960   7331.50687237      2048.00000000 2493.26696960 2048.00000000       0.00000000   1.00000000   0.00000000 0 0
 250    5156.12274688   2496.77009920   7431.42649023      2048.00000000 2496.77009920 2048.00000000       0.00000000   1.00000000   0.00000000 0 0
 251    4908.75339721   2500.20544000   7520.11655040      2048.00000000 2500.20544000 2048.00000000       0.00000000   1.00000000   0.00000000 0 0
 252    4659.41828023   2503.57288960   7597.54633613      2048.00000000 2503.57288960 2048.00000000       0.00000000   1.00000000   0.00000000 0 0
 253    4408.62642551   2506.87234560   7663.70823250      2048.00000000 2506.87234560 2048.00000000       0.00000000   1.00000000   0.00000000 0 0
 254    4156.88391606   2510.10373120   7718.61786060      2048.00000000 2510.10373120 2048.00000000       0.00000000   1.00000000   0.00000000 0 0
 255    3904.69283337   2513.26696960   7762.31300994      2048.00000000 2513.26696960 2048.00000000       0.00000000   1.00000000   0.00000000 0 0
 256    3652.55050992   2516.36198400   7794.85412471      2048.00000000 2516.36198400 2048.00000000       0.00000000   1.00000000   0.00000000 0 0
 257    3400.94805480   2519.38864640   7816.32345308      2048.00000000 2519.38864640 2048.00000000       0.00000000   1.00000000   0.00000000 0 0
 258    3150.36980335   2522.34690560   7826.82465338      2048.00000000 2522.34690560 2048.00000000       0.00000000   1.00000000   0.00000000 0 0
 259    2901.29212974   2525.23665920   7826.48291729      2048.00000000 2525.23665920 2048.00000000       0.00000000   1.00000000   0.00000000 0 0
 260    2654.18275857   2528.05783040   7815.44384013      2048.00000000 2528.05783040 2048.00000000       0.00000000   1.00000000   0.00000000 0 0
 261    2409.49968395   2530.81036800   7793.87284599      2048.00000000 2530.81036800 2048.00000000       0.00000000   1.00000000   0.00000000 0 0
 262    2167.69030406   2533.49419520   7761.95538775      2048.00000000 2533.49419520 2048.00000000       0.00000000   1.00000000   0.00000000 0 0
 263    1929.19078002   2536.10920960   7719.89558137      2048.00000000 2536.10920960 2048.00000000       0.00000000   1.00000000   0.00000000 0 0
 264    1694.42496088   2538.65533440   7667.91601543      2048.00000000 2538.65533440 2048.00000000       0.00000000   1.00000000   0.00000000 0 0
 265    1463.80372836   2541.13254400   7606.25691668      2048.00000000 2541.13254400 2048.00000000       0.00000000   1.00000000   0.00000000 0 0
 266    1237.72451100   2543.54073600   7535.17517581      2048.00000000 2543.54073600 2048.00000000       0.00000000   1.00000000   0.00000000 0 0
 267    1016.57029516   2545.87985920   7454.94428066      2048.00000000 2545.87985920 2048.00000000       0.00000000   1.00000000   0.00000000 0 0
 268     800.70891179   2548.14983680   7365.85291127      2048.00000000 2548.14983680 2048.00000000       0.00000000   1.00000000   0.00000000 0 0
 269     590.49273792   2550.35061760   7268.20478137      2048.00000000 2550.35061760 2048.00000000       0.00000000   1.00000000   0.00000000 0 0
 270     386.25770733   2552.48215040   7162.31693575      2048.00000000 2552.48215040 2048.00000000       0.00000000   1.00000000   0.00000000 0 0
 271     188.32335575   2554.54433280   7048.51990942      2048.00000000 2554.54433280 2048.00000000       0.00000000   1.00000000   0.00000000 0 0
 272      -3.00834621   2556.53716480   6927.15624840      2048.00000000 2556.53716480 2048.00000000       0.00000000   1.00000000   0.00000000 0 0
 273    -187.45311234   2558.46054400   6798.57979583      2048.00000000 2558.46054400 2048.00000000       0.00000000   1.00000000   0.00000000 0 0
 274    -364.74465020   2560.31444480   6663.15500745      2048.00000000 2560.31444480 2048.00000000       0.00000000   1.00000000   0.00000000 0 0
 275    -534.63518162   2562.09884160   6521.25542191      2048.00000000 2562.09884160 2048.00000000       0.00000000   1.00000000   0.00000000 0 0
 276    -696.89583167   2563.81363200   6373.26374461      2048.00000000 2563.81363200 2048.00000000       0.00000000   1.00000000   0.00000000 0 0
 277    -851.31671909   2565.45879040   6219.57011903      2048.00000000 2565.45879040 2048.00000000       0.00000000   1.00000000   0.00000000 0 0
 278    -997.70734548   2567.03426560   6060.57135222      2048.00000000 2567.03426560 2048.00000000       0.00000000   1.00000000   0.00000000 0 0
 279   -1135.89669272   2568.54003200   5896.67001165      2048.00000000 2568.54003200 2048.00000000       0.00000000   1.00000000   0.00000000 0 0
 280   -1265.73350474   2569.97603840   5728.27390902      2048.00000000 2569.97603840 2048.00000000       0.00000000   1.00000000   0.00000000 0 0
 281   -1387.08619282   2571.34223360   5555.79458203      2048.00000000 2571.34223360 2048.00000000       0.00000000   1.00000000   0.00000000 0 0
 282   -1499.84303170   2572.63861760   5379.64642133      2048.00000000 2572.63861760 2048.00000000       0.00000000   1.00000000   0.00000000 0 0
 283   -1603.91214378   2573.86511360   5200.24609748      2048.00000000 2573.86511360 2048.00000000       0.00000000   1.00000000   0.00000000 0 0
 284   -1699.22144076   2575.02169600   5018.01114287      2048.00000000 2575.02169600 2048.00000000       0.00000000   1.00000000   0.00000000 0 0
 285   -1785.71856887   2576.10836480   4833.35958489      2048.00000000 2576.10836480 2048.00000000       0.00000000   1.00000000   0.00000000 0 0
 286   -1863.37075174   2577.12504320   4646.70855126      2048.00000000 2577.12504320 2048.00000000       0.00000000   1.00000000   0.00000000 0 0
 287   -1932.16482480   2578.07173120   4458.47353043      2048.00000000 2578.07173120 2048.00000000       0.00000000   1.00000000   0.00000000 0 0
 288   -1992.10662072   2578.94840320   4269.06746275      2048.00000000 2578.94840320 2048.00000000       0.00000000   1.00000000   0.00000000 0 0
 289   -2043.22114839   2579.75503360   4078.89979652      2048.00000000 2579.75503360 2048.00000000       0.00000000   1.00000000   0.00000000 0 0
 290   -2085.55200396   2580.49159680   3888.37592585      2048.00000000 2580.49159680 2048.00000000       0.00000000   1.00000000   0.00000000 0 0
 291   -2119.16144614   2581.15806720   3697.89593212      2048.00000000 2581.15806720 2048.00000000       0.00000000   1.00000000   0.00000000 0 0
 292   -2144.12946570   2581.75444480   3507.85396516      2048.00000000 2581.75444480 2048.00000000       0.00000000   1.00000000   0.00000000 0 0
 293   -2160.55376441   2582.28067840   3318.63731871      2048.00000000 2582.28067840 2048.00000000       0.00000000   1.00000000   0.00000000 0 0
 294   -2168.54940461   2582.73679360   3130.62584851      2048.00000000 2582.73679360 2048.00000000       0.00000000   1.00000000   0.00000000 0 0
 295   -2168.24787757   2583.12273920   2944.19115831      2048.00000000 2583.12273920 2048.00000000       0.00000000   1.00000000   0.00000000 0 0
 296   -2159.79743738   2583.43854080   2759.69568389      2048.00000000 2583.43854080 2048.00000000       0.00000000   1.00000000   0.00000000 0 0
 297   -2143.36145939   2583.68417280   2577.49211589      2048.00000000 2583.68417280 2048.00000000       0.00000000   1.00000000   0.00000000 0 0
 298   -2119.11859348   2583.85960960   2397.92275619      2048.00000000 2583.85960960 2048.00000000       0.00000000   1.00000000   0.00000000 0 0
 299   -2087.26234832   2583.96490240   2221.31883056      2048.00000000 2583.96490240 2048.00000000       0.00000000   1.00000000   0.00000000 0 0